691823.20 1004472.69 246.07
691824.24 1004470.86 246.11
691815.34 1004466.34 246.27
691814.97 1004468.00 246.25
691813.41 1004470.09 246.08
691810.14 1004478.63 245.78
691803.69 1004476.85 245.84 
691805.52 1004470.24 246.20
691805.27 1004467.10 246.39
691805.32 1004466.08 246.54
691805.94 1004464.24 246.67
691806.34 1004462.46 246.71
691799.62 1004461.22 247.00
691799.14 1004462.54 247.00
691798.79 1004463.69 246.97
691792.54 1004462.95 247.34
691792.80 1004466.20 246.72
691791.51 1004467.28 246.68
691797.40 1004468.82 246.38
691797.74 1004470.12 246.30
691798.16 1004471.56 246.20
691795.78 1004474.30 246.10
691794.62 1004478.72 246.01
691794.90 1004490.39 245.67
691792.64 1004490.51 245.68
691792.57 1004491.63 245.65
691795.15 1004491.51 245.68
691792.31 1004481.46 246.03
691792.04 1004475.00 246.14
691791.32 1004474.03 246.18
691789.80 1004473.62 246.19
691782.04 1004476.45 246.29
691781.34 1004475.10 246.31
691780.45 1004473.74 246.38
691767.38 1004480.94 245.95
691767.97 1004482.34 245.92
691769.44 1004483.63 245.91
691768.23 1004484.97 245.79
691768.09 1004486.42 245.54
691768.94 1004488.30 244.99
691769.28 1004489.74 244.83
691767.73 1004491.05 244.81
691759.93 1004486.06 245.76
691759.58 1004484.43 245.79
691759.21 1004482.91 245.83
691742.14 1004483.76 245.82
691742.17 1004486.91 245.81
691728.47 1004488.53 245.88
691728.26 1004487.08 245.87
691727.91 1004485.55 245.90
691711.64 1004488.20 245.98
691711.90 1004489.83 245.97
691712.23 1004491.36 245.96
691663.66 1004500.93 245.99
691663.42 1004499.47 246.00
691663.12 1004497.97 246.00
691650.52 1004499.46 246.06
691650.43 1004501.01 246.04
691650.47 1004502.53 246.01
691635.17 1004501.74 245.97
691635.34 1004500.29 245.97
691635.33 1004498.87 245.97
691614.44 1004495.73 246.06
691613.98 1004496.99 246.08
691613.37 1004498.43 246.07
691600.02 1004494.49 246.10
691600.34 1004493.14 246.18
691600.64 1004491.58 246.16
691590.89 1004490.15 246.12
691590.39 1004491.85 246.11
691590.28 1004492.99 246.10
691585.78 1004493.11 246.05
691585.65 1004491.98 246.05
691585.83 1004490.30 246.08
691574.01 1004493.48 246.11
691574.24 1004491.94 246.13
691574.28 1004490.40 246.15
691572.43 1004487.58 246.54
691560.68 1004486.17 246.44
691559.95 1004487.58 246.42
691559.17 1004489.22 246.37
691551.72 1004485.86 246.44
691552.26 1004484.07 246.48
691552.84 1004482.25 246.52
691553.19 1004481.24 246.47
691553.49 1004479.52 246.50
691529.80 1004479.77 246.43
691529.89 1004476.43 246.48
691530.03 1004471.55 246.93
691530.01 1004471.48 246.87
691517.14 1004470.32 246.99 
691504.88 1004468.68 247.16
691503.94 1004474.68 246.72
691503.88 1004476.25 246.67
691503.83 1004477.85 246.62
691484.32 1004477.19 246.93.
691484.12 1004475.70 246.96
691484.02 1004474.01 247.02
691442.52 1004474.99 247.00
691442.52 1004476.70 246.99 
691442.61 1004478.30 246.96 
691430.73 1004479.32 247.00
691430.46 1004477.62 247.08
691430.13 1004476.11 247.06
691421.09 1004478.28 247.13
691421.49 1004479.87 247.10 
691421.96 1004481.66 247.05
691393.98 1004489.73 247.41
691393.36 1004487.60 247.47
691392.40 1004485.67 247.47
691384.06 1004488.29 247.55 
691385.57 1004491.35 247.55 
691386.29 1004495.25 247.48
691386.34 1004497.87 247.48
691384.88 1004498.95 247.53
691383.69 1004500.67 247.53
691382.71 1004497.65 247.54
691380.25 1004488.83 247.56
691387.96 1004513.86 247.56
691390.91 1004513.18 247.53
691394.19 1004524.70 247.54
691391.55 1004525.65 247.56
691395.15 1004537.43 247.52
691397.82 1004536.76 247.49
691401.01 1004547.19 247.52
691398.14 1004547.80 247.54 
691406.37 1004574.85 247.23
691408.95 1004574.21 247.19 
691409.63 1004573.97 247.15
691405.89 1004575.17 247.20
691404.89 1004588.06 245.78
691417.20 1004581.90 245.71
691412.18 1004576.32 246.60
691412.37 1004573.42 246.32
691410.80 1004568.16 246.26 
691415.41 1004567.76 246.29 
691409.86 1004573.04 247.13 
691408.84 1004571.85 247.40 
691405.64 1004573.88 247.36
691404.39 1004569.75 247.36 
691404.03 1004568.75 247.34
691403.79 1004567.84 247.35
691403.23 1004565.97 247.34 
691402.66 1004570.25 246.57
691402.36 1004569.24 246.58
691399.13 1004569.14 245.69
691398.68 1004567.60 245.68
691402.37 1004569.22 246.59
691402.65 1004570.25 246.56
691395.10 1004572.44 246.71
691394.79 1004571.43 246.70
691400.89 1004566.59 246.42
691399.31 1004566.88 245.93
691397.81 1004556.52 246.54
691395.81 1004557.04 245.91
691392.40 1004539.04 246.51
691390.62 1004539.08 245.96
691386.95 1004522.64 246.46
691385.03 1004519.67 246.45
691379.86 1004518.11 246.43
691380.29 1004519.85 246.05
691383.96 1004521.18 246.00
691384.89 1004522.77 245.96
691389.39 1004521.20 247.51
691385.36 1004515.73 247.44
691379.27 1004514.58 247.33
691393.01 1004532.20 247.53
691396.68 1004531.27 247.49
691399.60 1004530.32 246.39
691402.77 1004528.98 246.27
691409.42 1004545.82 246.23
691404.97 1004547.94 246.30
691402.04 1004549.25 247.50
691393.92 1004520.52 247.50
691397.24 1004519.80 246.34
691400.86 1004519.47 246.28
691397.85 1004516.54 246.41
691394.74 1004514.62 247.32
691398.25 1004508.08 247.29
691401.39 1004510.40 246.38
691403.54 1004513.02 246.22
691407.53 1004505.83 246.29
691404.69 1004502.08 247.09
691396.35 1004497.22 247.28
691391.12 1004501.84 247.34
691380.32 1004505.50 247.48
691378.81 1004504.42 247.42
691371.44 1004510.57 247.22
691372.56 1004513.18 247.15
691367.19 1004515.75 246.92
691366.23 1004513.66 246.98
691373.27 1004504.72 247.35
691371.57 1004490.91 247.66
691374.67 1004484.47 247.91
691383.11 1004480.14 247.84
691394.35 1004476.56 247.86
691412.99 1004471.69 248.07
691426.93 1004469.35 248.08
691440.45 1004468.37 248.14
691452.44 1004468.78 247.92
691465.70 1004469.30 247.78
691483.41 1004470.69 247.41
691503.34 1004472.35 247.02
691503.63 1004468.62 247.66 
691496.73 1004480.29 246.41
691491.98 1004484.43 246.33
691475.90 1004484.54 246.50
691453.24 1004486.34 246.53 
691436.14 1004488.79 246.59
691423.69 1004491.14 246.57 
691414.74 1004496.50 246.65
691416.29 1004498.97 246.33
691413.35 1004501.91 246.22
691520.01 1004469.39 247.59
691519.90 1004468.61 248.13
691519.90 1004468.31 248.56
691526.89 1004484.73 246.08
691541.99 1004490.43 245.94
691555.69 1004495.45 246.00
691564.66 1004499.80 245.73
691566.16 1004501.05 245.66
691575.27 1004494.72 246.00
691575.38 1004494.69 245.99
691567.86 1004499.73 245.74
691564.89 1004506.15 244.81
691571.33 1004499.35 245.31
691577.16 1004494.66 245.96
691583.47 1004493.58 246.00
691592.29 1004493.55 246.09
691593.43 1004494.65 245.70
691585.80 1004496.37 245.07
691585.72 1004497.62 244.72
691597.47 1004498.29 244.63
691605.80 1004502.15 244.59
691605.85 1004502.02 244.84
691603.33 1004500.67 244.66
691595.29 1004498.24 244.69
691595.44 1004488.91 246.76
691596.24 1004484.99 247.32
691588.54 1004483.72 247.17
691587.67 1004488.46 246.69
691587.67 1004489.70 246.14
691575.28 1004489.49 246.45
691570.56 1004489.31 246.36
691565.30 1004487.49 246.43
691564.96 1004482.45 246.71
691572.63 1004482.32 247.07
691609.98 1004498.79 246.02
691610.83 1004499.13 246.00
691610.01 1004501.53 245.01
691609.13 1004501.27 245.06
691606.67 1004500.49 245.12
691605.59 1004503.79 245.02
691611.29 1004505.64 245.17
691612.29 1004502.50 245.09
691611.97 1004494.86 246.10
691612.56 1004493.09 246.71
691613.37 1004487.13 247.10
691629.17 1004487.97 247.40
691629.14 1004494.97 246.84
691628.89 1004497.90 245.95
691628.48 1004501.73 245.81
691627.86 1004504.32 244.82
691627.94 1004504.76 244.61
691634.57 1004506.82 244.65
691636.83 1004509.80 244.63
691638.43 1004517.78 244.76
691641.08 1004515.77 245.25
691642.11 1004507.66 245.63
691641.68 1004504.78 245.89
691640.80 1004499.04 246.08
691641.19 1004495.50 247.20
691641.60 1004489.20 247.53
691653.22 1004487.68 247.63
691653.95 1004495.86 247.25
691658.53 1004495.32 246.97
691655.06 1004498.95 246.09
691656.31 1004503.38 245.86
691659.70 1004507.47 244.71
691653.08 1004516.26 244.73
691650.21 1004513.93 245.48
691646.99 1004521.15 245.23
691647.29 1004522.86 245.00
691647.77 1004523.66 244.71
691645.06 1004524.26 244.60
691644.95 1004522.64 245.12
691642.32 1004521.99 245.06
691641.88 1004522.76 244.84
691663.87 1004504.84 244.69
691663.56 1004503.65 245.01
691662.93 1004501.35 245.89
691662.88 1004498.02 246.01
691662.69 1004494.98 247.24
691662.62 1004490.93 247.48
691678.33 1004485.57 247.49
691680.20 1004491.70 247.12
691680.86 1004494.23 246.03
691681.57 1004497.47 245.96
691682.42 1004500.26 244.88
691692.16 1004498.12 245.12
691692.60 1004501.59 245.15
691698.54 1004500.79 245.16
691698.05 1004497.33 245.01
691695.61 1004497.68 245.12
691694.60 1004497.79 245.07
691694.27 1004495.07 245.99
691695.28 1004494.96 245.99
691702.31 1004497.60 244.71
691702.01 1004493.92 245.91
691701.15 1004489.66 246.12
691701.05 1004487.25 247.01
691700.54 1004481.87 247.19
691730.07 1004477.95 247.13
691730.67 1004482.46 246.78
691730.79 1004484.48 245.96
691731.44 1004488.66 245.75
691732.06 1004491.34 244.73
691745.19 1004489.76 244.83
691745.63 1004493.24 245.14
691751.55 1004492.53 245.13
691751.15 1004489.05 245.00
691748.62 1004489.38 245.10
691747.59 1004489.49 245.04
691747.45 1004487.60 245.67
691748.40 1004487.50 245.66
691754.27 1004489.44 244.73
691754.37 1004486.95 245.65
691754.10 1004483.26 245.80
691753.94 1004480.72 246.54
691753.26 1004476.40 246.76
691763.83 1004475.16 246.71
691764.58 1004480.57 246.36
691765.01 1004481.62 245.90
691760.75 1004488.93 244.82
691763.18 1004489.68 244.72
691770.76 1004488.90 244.70
691775.33 1004489.21 244.81
691775.65 1004485.68 246.01
691770.24 1004485.91 245.73
691768.53 1004479.34 246.38
691772.92 1004477.16 246.40
691776.72 1004472.99 246.73
691775.81 1004468.90 246.90
691781.77 1004467.04 247.01
691789.45 1004476.89 246.17
691785.58 1004485.58 245.81
691788.63 1004486.10 245.70
691791.03 1004488.76 245.60
691791.93 1004491.49 245.58
691789.60 1004491.39 244.64
691787.94 1004489.66 244.59
691785.95 1004488.47 244.82
691797.13 1004483.87 245.84
691804.56 1004483.45 245.72
691814.32 1004485.63 245.63
691824.55 1004487.74 245.55
691831.35 1004489.75 245.55
691842.41 1004475.77 245.89
691833.73 1004469.12 246.28
691821.55 1004463.85 246.61
691812.99 1004461.23 246.74
691802.53 1004457.63 246.83